487
84
52
130
29
34
13
130
27
41
25
551
21
83
35
82
89
102
20
190
10
142
32
25
106
68
23
81
80
16
62
790
118
70
416
18
144
80
32
131
146
379
56
148
61
16
139
104
236
27
251
177
56
243
263
113
52
40
90
352
10
429
12
131
101
65
23
22
276
604
12
34
26
238
22
116
430
26
52
19
83
76
82
31
14
34
17
53
135
23
43
225
240
269
116
14
374
13
49
270
44
60
90
52
78
918
65
46
159
285
49
91
67
426
58
55
21
155
163
76
32
97
969
89
88
181
90
509
21
112
248
72
21
76
180
47
619
15
106
13
197
66
55
25
115
65
38
150
80
48
14
44
144
45
87
91
159
190
15
328
11
197
17
87
88
193
28
179
13
47
758
46
37
61
12
143
21
471
46
262
80
15
175
46
205
26
131
320
123
20
265
211
192
551
204
26
24
116
60
27
78
61
152
80
74
297
681
21
685
313
181
110
87
40
92
389
50
90
46
35
65
13
73
99
16
16
88
179
62
147
42
28
124
75
55
250
373
13
94
443
57
18
487
13
10
26
92
19
19
37
25
213
81
90
187
14
49
32
24
99
109
69
23
992
154
28
164
121
97
13
115
112
20
120
163
11
49
247
28
121
22
25
98
64
179
219
26
114
32
90
48
57
33
717
128
256
464
313
15
52
20
17
46
141
88
290
113
22
54
65
53
67
171
79
141
59
10
149
10
125
336
49
473
54
32
16
23
29
335
368
46
475
227
34
27
22
32
12
47
34
49
58
236
67
15
112
152
96
17
96
157
58
28
220
146
175
137
213
26
82
13
10
124
14
30
157
39
15
44
26
97
11
81
36
75
15
78
34
339
28
267
16
42
78
25
16
84
11
34
366
275
106
13
197
215
95
41
176
653
20
710
10
10
52
255
40
316
98
21
754
45
149
64
28
267
38
38
304
77
35
113
17
75
71
28
92
33
552
17
29
145
31
52
311
102
12
77
49
112
12
11
729
53
78
54
112
47
718
20
51
112
495
225
279
99
31
18
14
32
291
182
45
33
233
20
82
103
26
73
104
11
224
57
61
96
10
59
83
88
69
202
574
141
148
51
151
90
224
23
22
56
312
33
52
140
69
85
555
11
52
66
29
141
69
143
46
53
148
57
17
164
302
48
184
168
35
111
54
259
91
259
21
413
113
18
130
43
24
179
14
15
518
389
147
196
299
126
244
239
53
157
23
12
24
935
23
205
208
39
28
62
133
25
278
111
194
16
17
17
122
25
206
61
71
57
24
74
248
97
18
147
70
173
357
20
60
78
142
76
184
72
143
574
12
147
286
63
183
17
300
435
33
12
12
119
24
115
27
82
141
77
142
13
138
31
14
21
209
49
57
51
12
445
77
186
16
36
51
894
13
199
105
524
200
123
45
15
277
40
43
18
39
242
47
793
785
149
14
157
10
347
16
112
112
171
45
52
26
16
64
25
108
16
28
28
379
224
15
13
141
11
354
218
49
218
27
94
32
45
118
78
68
33
31
264
49
41
88
11
25
151
35
27
19
263
205
90
618
27
78
50
71
123
92
244
123
133
108
18
12
90
35
333
67
31
22
21
277
15
47
45
15
10
28
95
88
10
164
18
15
23
26
92
16
201
125
476
21
190
29
46
137
73
255
41
15
807
67
373
38
106
10
22
47
381
250
11
73
44
66
37
87
689
73
52
100
24
35
153
154
63
47
102
10
23
24
518
30
334
47
282
13
32
11
213
132
32
78
329
34
107
81
24
271
70
293
88
15
40
250
801
18
114
38
62
123
72
254
24
182
40
49
32
124
48
101
10
12
16
45
20
88
34
49
85
31
1081
98
49
26
10
216
237
69
62
156
10
468
21
20
43
154
84
146
18
85
71
60
43
48
74
55
68
76
208
264
31
69
85
155
27
45
126
410
214
42
125
90
42
59
53
46
83
328
45
666
123
71
21
135
172
191
12
64
95
39
36
23
75
98
40
83
275
46
274
35
17
61
45
40
113
77
31
10
30
400
139
60
160
40
41
40
153
36
65
75
214
105
153
18
10
12
18
297
20
50
27
29
21
12
62
21
45
11
143
165
50
20
52
64
115
16
267
36
127
85
167
20
11
608
125
149
68
198
10
25
98
25
12
40
110
101
93
143
55
95
53
19
173
25
17
72
10
259
408
23
12
19
30
114
53
70
166
30
14
78
144
21
22
32
100
589
26
27
55
182
156
34
17
17
71
30
38
35
87
79
33
64
16
55
114
203
60
12
131
875
311
17
15
444
39
128
29
14
423
33
371
11
11
20
98
270
101
124
21
18
96
51
71
18
68
86
81
14
221
84
56
50
293
342
31
57
16
89
83
180
16
74
41
66
23
108
27
31
13
14
147
44
33
64
11
23
57
66
60
40
19
56
10
84
26
236
74
16
16
17
211
40
87
14
46
244
122
111
15
59
14
538
19
258
13
28
55
13
294
20
10
37
262
30
21
201
23
137
54
30
17
63
44
715
14
19
17
129
42
137
25
115
22
37
11
105
106
36
75
357
344
15
86
56
45
220
50
22
46
85
29
93
68
54
65
51
26
46
110
92
15
53
308
50
38
17
117
72
162
17
12
38
75
21
57
29
522
16
43
18
238
96
51
12
120
69
196
15
100
34
12
58
93
19
68
127
162
10
21
87
569
87
14
19
51
82
155
75
16
143
260
220
544
203
46
42
179
35
83
264
28
228
59
298
19
151
218
160
127
118
15
58
47
418
14
15
35
47
85
65
428
68
166
16
75
54
21
28
109
181
23
10
314
101
141
49
13
50
72
15
75
132
57
10
47
128
227
23
13
15
12
149
428
176
106
14
125
83
25
10
36
373
80
34
32
374
28
48
229
19
13
24
120
658
17
81
330
71
94
46
26
31
38
23
146
340
29
23
19
64
254
233
72
59
193
169
161
135
12
17
40
89
47
203
145
13
307
26
30
73
160
90
11
117
227
272
21
26
24
41
404
53
96
27
75
17
212
182
28
52
12
10
16
19
210
36
41
91
101
116
34
31
140
44
21
303
284
87
19
91
131
334
283
27
68
50
330
66
54
166
40
54
232
194
21
99
183
40
99
53
12
20
20
17
22
16
259
40
99
24
17
45
325
18
17
33
70
403
58
198
30
16
159
152
64
11
21
107
595
51
26
87
344
32
22
35
18
14
20
156
34
75
19
30
79
72
114
18
34
21
156
63
33
70
41
29
45
584
103
77
46
41
17
121
56
150
33
15
16
54
85
365
10
96
132
171
550
19
56
30
88
348
88
81
15
19
166
16
22
221
17
59
14
41
96
393
212
66
136
30
16
96
421
175
18
517
47
334
145
92
31
32
12
192
54
21
85
80
196
58
20
10
275
346
231
59
41
215
321
24
119
89
28
29
96
57
48
184
10
29
12
16
113
243
283
335
147
54
330
23
61
47
157
290
40
40
328
109
246
50
335
77
145
62
61
16
16
87
35
53
16
29
43
40
269
45
159
152
74
128
33
199
39
279
102
219
604
159
12
12
128
88
160
12
83
93
145
124
140
93
43
33
78
252
867
44
67
41
245
85
22
172
110
40
21
137
48
85
12
242
22
165
43
23
56
337
117
25
320
218
80
619
12
38
22
129
292
190
86
11
102
376
46
58
79
71
29
15
262
11
13
90
89
46
11
251
109
46
34
95
77
12
49
68
116
22
51
92
41
60
39
36
50
13
143
138
185
31
54
80
76
54
12
89
47
71
30
115
48
156
31
62
300
62
106
170
81
500
372
148
88
87
203
12
126
138
273
48
35
34
62
13
967
16
62
113
32
125
49
135
153
224
16
72
28
33
92
892
36
59
85
22
31
145
148
194
30
232
988
87
108
17
49
215
399
147
128
49
59
108
101
123
25
39
16
229
41
104
186
65
23
223
206
32
73
280
66
40
42
15
40
827
11
21
25
547
14
21
26
40
137
76
20
233
18
62
135
77
70
17
56
51
239
121
119
45
64
56
19
17
49
237
34
236
18
377
191
12
29
155
39
74
363
57
366
282
10
15
35
969
16
28
187
134
21
37
85
42
245
109
28
46
45
189
42
40
24
188
23
190
35
56
162
78
24
181
123
10
31
63
96
211
878
649
12
114
119
27
16
219
120
18
31
80
20
178
26
23
88
48
933
43
36
57
160
20
265
18
95
111
166
221
12
15
127
17
115
22
34
25
125
10
31
403
53
42
14
12
11
23
500
46
32
18
137
56
13
39
27
250
38
47
53
146
12
64
82
401
67
178
309
94
57
172
26
12
20
63
51
42
12
18
33
301
124
78
122
11
49
78
148
152
35
20
967
374
46
132
225
202
135
32
26
46
162
27
261
41
114
25
117
490
12
691
52
631
334
33
150
78
165
335
25
801
23
10
100
131
24
61
196
17
127
111
118
306
86
255
121
15
13
129
344
538
61
54
19
12
313
183
245
59
715
27
565
51
29
400
295
12
346
53
38
27
92
19
45
60
142
35
161
11
190
19
11
39
70
173
20
18
31
94
145
11
64
23
18
56
106
19
128
29
27
237
201
87
30
80
29
529
41
54
63
967
21
388
308
115
144
111
60
136
40
31
70
421
137
35
47
64
17
107
38
370
28
21
40
35
69
45
237
102
29
56
33
12
195
140
15
38
130
588
169
74
492
231
283
148
17
75
140
333
49
66
17
59
46
62
44
100
147
79
157
15
119
282
263
15
29
111
11
57
30
137
982
131
137
47
40
37
392
250
196
162
26
11
46
53
39
118
96
54
33
59
26
275
288
178
32
95
20
52
47
15
34
15
26
79
297
188
164
46
21
161
11
126
40
442
64
139
13
16
43
15
113
93
20
144
11
17
149
322
46
207
57
15
128
38
242
80
29
37
52
16
30
11
272
16
33
231
29
40
33
42
17
12
71
17
34
90
83
171
99
41
43
410
17
12
144
30
23
53
15
186
219
15
36
14
57
175
29
13
13
24
55
347
18
52
267
33
37
58
228
124
144
45
14
149
69
72
57
139
244
37
87
15
371
20
82
48
60
126
20
397
40
39
371
17
34
46
86
331
179
641
112
22
42
16
86
629
984
932
23
334
12
93
162
52
22
198
95
82
187
21
157
46
18
123
71
53
29
34
24
10
47
119
13
10
218
60
45
65
13
35
76
40
27
377
270
99
86
23
199
24
59
111
66
176
126
45
43
74
70
28
254
71
90
127
172
20
34
27
17
86
348
160
40
10
274
102
15
62
18
10
122
90
19
49
36
56
36
13
45
39
80
103
77
140
19
21
339
160
19
41
16
131
49
211
90
12
197
29
25
38
54
150
32
101
70
19
186
120
22
114
71
14
76
97
39
579
37
36
53
70
33
41
26
344
87
71
102
93
11
209
30
226
108
28
160
151
78
42
22
16
340
399
106
385
230
18
16
139
42
141
90
45
13
96
16
94
15
43
112
188
17
64
21
331
287
60
54
130
54
98
149
66
19
21
119
16
83
230
55
51
67
11
27
58
104
111
401
15
64
174
198
318
528
31
39
34
78
30
13
29
38
150
34
89
15
11
89
44
12
12
231
19
36
19
43
72
87
50
51
112
138
114
116
66
99
41
17
51
95
743
11
146
63
136
56
475
909
121
69
37
17
12
771
60
13
69
28
90
65
27
17
133
81
78
83
951
85
15
120
10
154
100
215
62
110
14
181
10
201
37
37
10
98
55
247
301
85
12
29
10
28
23
13
38
67
60
87
129
73
81
19
156
37
154
422
13
23
33
23
952
149
43
40
36
195
479
224
336
88
28
61
933
191
56
24
11
38
38
20
75
74
238
15
116
45
33
24
47
65
24
20
28
35
28
132
111
49
30
49
26
90
15
159
38
195
10
41
175
101
72
161
16
16
10
26
11
277
23
110
195
19
25
122
123
36
10
368
24
286
110
87
109
44
96
73
113
39
67
106
74
37
337
84
135
186
100
30
194
126
109
74
311
202
32
856
301
24
19
23
269
28
26
14
180
255
46
98
79
242
31
102
87
162
28
41
40
204
18
18
399
35
220
184
233
100
213
77
35
95
17
260
27
17
82
17
102
27
20
271
79
24
15
103
14
61
301
61
146
48
23
16
48
113
196
20
41
27
13
91
99
53
49
307
21
79
839
147
46
65
33
193
30
27
48
442
140
10
71
48
21
45
63
107
19
173
53
51
193
246
258
22
153
30
978
150
25
58
12
53
32
27
60
60
123
29
28
157
96
62
52
349
396
71
33
25
60
625
14
20
78
32
10
360
143
183
33
13
46
17
19
235
26
22
56
129
86
206
19
25
447
29
110
28
50
105
207
10
193
178
19
40
215
21
27
49
48
62
31
85
939
125
92
52
185
73
413
21
140
104
422
67
20
14
29
378
384
17
70
86
47
134
66
34
28
12
87
86
18
64
144
50
62
126
200
363
25
43
53
43
65
26
76
27
45
288
125
203
13
974
121
398
120
82
96
47
43
29
837
15
106
11
58
86
39
13
37
86
20
266
75
146
72
128
93
21
256
17
202
41
43
78
37
46
12
151
14
100
68
41
33
226
90
61
23
63
105
35
19
19
263
42
51
64
246
11
11
35
56
53
70
143
94
38
44
32
235
24
13
15
50
78
147
30
18
110
16
313
159
14
95
54
138
92
35
14
12
34
82
81
26
495
106
67
79
48
204
74
43
48
29
34
63
48
53
57
26
43
206
17
31
42
466
251
51
153
26
79
90
22
20
13
34
43
37
15
14
67
91
38
18
293
35
20
131
19
13
14
42
22
293
356
15
132
44
572
86
24
61
18
284
159
11
71
17
402
131
106
62
65
92
107
62
127
43
22
97
14
228
263
14
17
13
102
133
203
143
12
574
80
121
17
406
25
81
66
692
253
77
47
12
43
82
13
19
45
24
17
10
10
95
94
11
26
40
10
21
138
15
11
178
15
358
972
127
17
131
23
80
22
69
94
82
160
11
105
72
50
17
57
20
84
30
21
20
29
46
15
203
145
66
100
206
119
66
51
43
114
18
703
64
41
61
17
57
48
12
14
83
114
20
148
115
39
229
189
19
195
130
192
101
46
44
74
33
52
287
937
19
20
36
182
202
17
128
66
19
22
50
121
235
160
76
60
63
524
59
27
113
489
13
152
49
49
13
39
10
11
219
18
16
16
73
104
378
21
170
102
36
201
18
127
16
13
13
274
54
30
168
96
146
434
216
132
32
45
228
772
330
127
18
78
53
88
12
134
149
353
217
149
159
200
10
108
23
32
67
151
290
30
69
34
18
41
19
246
11
54
560
107
103
228
67
130
13
650
49
14
15
118
81
102
42
31
33
193
50
17
11
10
23
111
203
407
293
55
86
10
79
70
17
34
27
86
811
538
18
12
108
33
26
31
159
87
133
23
14
146
14
16
30
321
615
94
59
105
173
37
62
368
11
11
10
234
60
76
30
307
66
156
12
267
10
16
40
167
14
29
57
77
63
25
25
59
693
70
87
76
465
192
10
214
58
23
93
360
124
190
53
126
16
51
162
283
62
16
54
70
77
32
136
940
88
99
105
215
34
30
347
116
293
69
10
112
15
120
115
41
941
288
17
144
78
82
141
179
63
41
17
16
96
27
174
34
23
23
27
46
105
49
15
167
55
975
84
42
12
41
82
77
88
50
52
11
233
529
18
270
28
47
46
38
99
691
65
113
247
254
56
20
491
21
75
19
29
126
72
59
19
619
18
90
353
14
34
32
110
204
42
138
43
407
98
46
83
484
10
187
857
56
72
228
41
34
24
170
143
110
12
497
63
464
325
147
25
61
124
118
54
143
10
72
72
23
24
60
170
172
12
17
61
21
49
55
33
29
38
11
273
239
13
79
114
165
327
190
73
17
34
202
15
16
28
154
20
71
29
38
65
33
664
37
956
17
73
16
31
48
73
121
161
16
30
13
12
313
35
58
44
14
188
388
137
141
414
87
80
52
97
19
27
152
43
45
28
29
15
23
32
124
31
36
117
101
297
114
14
86
92
38
158
35
51
118
112
71
99
360
19
60
351
112
17
412
19
470
44
82
264
114
50
154
20
93
44
15
12
260
30
145
60
44
31
453
246
31
62
45
103
36
12
90
197
185
235
48
105
77
403
59
35
35
133
59
14
124
574
42
17
97
91
75
12
94
53
39
99
18
18
68
14
48
16
33
13
12
10
39
192
103
219
32
30
23
136
67
10
14
82
25
12
49
75
33
45
845
88
25
90
37
30
50
16
48
218
116
32
12
311
519
341
14
51
10
51
157
18
255
235
240
53
27
30
527
79
16
52
71
11
11
154
443
59
197
18
26
17
29
101
67
151
61
134
341
304
380
71
80
20
186
55
33
18
70
42
15
462
185
27
65
85
40
141
82
203
230
89
192
40
99
12
43
49
58
117
45
273
26
63
245
84
54
23
34
204
144
196
13
350
91
39
23
249
30
19
82
29
174
79
33
41
256
404
176
34
174
166
784
15
13
45
32
572
44
12
353
19
13
57
103
30
198
51
81
14
21
97
47
12
159
137
42
54
78
213
125
42
87
18
37
239
48
318
37
202
94
45
283
55
25
520
432
17
20
63
30
98
69
44
49
36
30
43
12
43
184
22
22
118
42
201
15
186
191
104
10
10
147
13
319
200
46
64
20
37
35
122
114
86
939
125
326
406
56
84
158
136
23
73
181
73
44
210
27
133
36
30
97
37
54
70
71
40
83
24
22
17
127
844
201
13
14
12
16
232
665
14
422
66
13
24
25
73
26
147
202
49
17
233
146
10
453
269
93
28
68
319
202
330
97
142
22
30
13
174
29
131
29
27
90
20
95
49
30
31
14
179
97
29
16
93
18
191
80
16
91
73
360
32
17
309
20
15
11
40
16
29
67
50
74
196
14
42
40
71
130
177
89
32
49
40
37
39
17
224
207
286
13
22
100
29
41
18
69
17
884
148
174
92
41
70
222
45
76
442
22
11
48
10
299
518
65
49
29
35
293
10
50
23
773
80
240
329
123
34
17
21
151
100
20
86
15
12
274
30
26
38
121
34
76
23
878
339
295
100
183
396
30
12
129
512
289
25
76
50
65
23
104
14
63
143
209
270
51
26
16
153
48
54
33
84
308
22
13
95
14
63
724
204
10
14
28
85
137
210
142
16
152
142
45
261
83
16
28
20
31
33
61
275
19
10
12
36
16
348
34
245
179
45
14
28
13
649
68
103
170
41
79
260
64
98
33
100
29
183
79
230
27
300
85
377
11
27
28
12
19
93
23
111
83
356
93
403
154
18
447
135
34
104
74
143
396
18
163
27
23
147
194
39
29
78
22
171
33
52
32
174
228
25
24
34
813
38
32
12
122
13
186
32
153
148
43
158
15
311
93
101
12
133
48
26
299
30
35
54
13
55
347
191
65
25
13
95
64
14
10
293
263
43
85
104
366
129
210
997
150
74
29
54
137
72
17
41
203
176
188
16
22
92
68
41
653
73
82
115
968
20
74
10
65
178
142
313
168
81
17
754
81
39
14
180
21
26
968
46
529
25
80
66
41
52
51
29
11
833
840
86
199
16
62
48
19
111
180
15
71
242
107
257
31
27
98
216
22
963
296
44
30
20
19
20
19
23
36
37
159
23
343
289
58
10
20
559
11
60
78
24
20
64
168
28
417
255
10
150
56
95
18
153
21
48
21
67
658
14
98
13
16
67
15
14
53
50
146
116
44
33
58
29
294
24
15
67
125
75
10
15
16
123
107
367
35
144
30
95
236
17
73
70
41
20
54
52
50
159
32
14
266
11
19
124
367
407
293
46
130
92
239
18
70
520
24
73
282
61
10
13
64
35
77
12
206
218
20
43
53
54
82
50
66
14
26
45
259
59
117
59
103
43
38
23
213
350
291
33
75
10
42
125
79
444
11
31
51
28
198
20
293
273
19
245
154
78
18
22
14
182
503
150
78
83
58
93
82
185
29
40
157
38
18
40
14
81
117
124
348
223
51
22
216
808
229
166
18
118
64
21
24
25
33
10
10
66
15
856
46
217
113
46
107
99
36
119
92
45
148
107
27
13
19
267
182
31
16
84
90
34
172
744
86
128
89
40
89
133
38
211
90
29
82
12
64
42
52
33
25
34
32
27
21
576
32
451
68
87
52
10
171
95
16
73
81
101
21
197
248
142
23
84
73
20
35
187
165
11
10
74
154
78
16
470
78
12
118
106
825
79
45
43
20
48
29
15
22
76
119
12
179
14
16
17
32
97
85
72
530
25
117
22
672
214
10
15
30
129
25
14
12
10
123
965
37
15
20
10
599
49
18
40
27
10
49
25
10
37
379
161
159
101
11
424
208
125
97
28
231
20
27
80
81
163
30
26
59
23
102
37
152
12
45
110
18
28
24
103
58
122
184
229
30
41
19
638
22
28
13
124
179
115
12
29
167
213
80
12
114
74
283
242
214
97
226
300
18
120
35
31
19
268
98
104
81
102
288
39
194
309
42
29
124
518
19
41
170
16
10
23
172
47
16
27
81
270
330
79
281
85
74
17
66
169
15
67
29
29
41
31
40
22
296
18
37
204
594
17
64
137
28
93
91
236
13
173
56
16
45
82
206
198
106
124
206
290
301
12
19
611
69
17
20
18
222
508
66
45
18
61
803
11
24
42
115
875
29
23
13
20
37
14
90
194
77
104
43
11
26
229
21
230
522
23
17
14
44
217
45
229
21
69
189
123
170
207
128
98
10
10
153
50
58
54
460
80
25
92
99
133
11
117
16
69
63
24
14
49
165
31
59
12
28
164
293
404
52
110
20
100
38
34
119
38
172
467
48
388
83
117
56
658
61
40
42
48
30
110
18
110
25
38
140
51
40
19
35
560
32
51
60
190
21
13
284
155
67
93
39
22
106
18
884
179
78
497
99
16
60
110
127
623
16
392
421
45
17
44
719
16
73
29
47
506
16
313
255
72
24
30
132
720
39
279
47
33
17
193
22
28
483
94
36
130
102
132
18
57
24
702
27
141
184
63
181
86
280
381
24
56
21
17
29
118
95
80
28
147
205
95
28
32
91
187
21
31
16
17
88
630
16
178
52
11
10
25
24
20
43
27
184
11
133
133
206
51
81
51
20
121
54
69
45
22
33
279
17
71
11
45
12
338
21
222
39
110
52
91
163
333
282
49
51
153
110
11
147
62
62
261
83
18
134
64
23
48
175
20
76
64
102
132
48
307
31
19
626
16
105
24
529
26
141
69
216
23
208
16
91
186
39
32
39
12
168
194
14
25
1080
47
60
720
98
52
360
116
55
49
23
59
35
371
350
33
30
78
18
365
16
160
16
82
46
282
19
314
58
36
148
173
12
76
898
64
43
132
15
35
20
218
68
137
62
135
136
200
15
42
31
93
19
224
364
12
138
10
23
31
42
11
90
74
47
27
156
51
63
17
297
112
99
38
65
254
13
164
19
76
163
24
109
78
43
73
193
262
71
19
10
67
107
95
14
357
18
51
87
147
128
144
16
685
22
18
61
23
65
69
55
260
21
40
268
115
421
144
40
141
74
24
223
67
14
11
82
61
24
930
179
17
26
111
21
62
92
138
246
32
18
36
348
18
18
166
34
65
87
78
20
249
29
148
262
182
57
18
30
54
47
76
110
23
194
259
313
111
23
195
52
24
420
338
19
199
64
61
36
41
618
171
195
36
58
20
368
12
31
16
42
53
114
209
159
27
44
35
111
337
86
35
56
86
11
23
186
29
11
49
35
286
12
10
253
134
10
102
79
98
115
157
31
59
38
30
230
113
256
29
87
12
67
90
95
363
17
31
38
178
53
23
134
235
60
52
12
457
41
50
92
339
267
183
398
24
55
33
79
13
102
30
35
58
53
73
15
11
131
269
252
80
100
100
108
35
30
19
283
219
70
28
39
50
45
16
951
56
76
48
123
29
14
35
53
890
659
37
209
278
79
44
57
24
147
81
53
10
20
204
15
163
15
29
58
11
58
95
272
56
357
14
169
278
83
39
58
76
30
141
299
21
33
57
104
19
125
145
41
331
230
80
43
25
269
28
101
167
180
177
59
74
63
431
77
228
229
246
28
35
19
64
45
28
35
69
17
84
48
13
114
12
45
301
36
848
22
61
586
73
90
18
117
45
266
61
23
322
10
153
904
170
43
152
40
77
136
604
125
141
28
34
96
25
223
127
27
16
398
173
37
805
58
114
134
122
11
37
25
28
88
14
172
27
28
83
89
69
348
52
93
427
13
14
49
460
31
214
105
200
403
130
79
57
110
325
74
57
96
51
10
109
29
118
11
154
10
23
136
11
24
18
592
29
89
137
72
88
56
126
96
113
15
110
88
115
283
37
48
59
35
29
142
16
279
121
25
14
75
150
24
54
126
10
88
25
103
38
287
28
27
165
42
143
33
39
136
55
56
73
40
186
96
309
14
40
44
31
27
319
33
254
47
27
33
93
31
115
20
478
29
124
125
163
113
139
232
23
112
20
55
55
81
292
19
25
70
13
33
104
14
364
71
53
52
10
105
76
10
39
296
24
75
19
128
14
16
35
26
68
56
59
18
24
93
34
71
13
29
50
21
40
64
68
176
695
85
48
52
792
50
357
56
27
505
275
240
30
155
29
72
277
117
341
29
218
251
162
489
93
19
96
559
11
22
131
55
31
539
706
10
224
25
164
200
54
139
36
265
113
525
23
118
76
10
58
10
46
514
229
118
544
16
110
300
195
27
18
70
56
144
69
12
10
715
38
147
14
15
105
122
22
12
80
36
32
259
246
32
106
69
21
31
30
18
106
21
350
115
428
76
48
71
26
30
28
76
146
342
79
28
49
26
18
54
106
13
69
27
15
138
44
527
97
43
95
36
24
11
256
86
23
63
69
69
20
1001
520
32
12
30
112
40
52
68
26
68
142
51
103
10
77
13
25
375
14
12
146
44
64
145
816
35
34
24
63
43
34
26
55
188
213
48
33
36
30
180
190
45
133
10
16
124
181
199
35
50
98
70
79
20
194
464
90
175
999
997
26
329
88
76
22
292
162
51
129
74
129
73
39
27
604
143
74
287
97
188
122
33
129
168
25
48
54
322
20
89
102
190
64
57
48
48
18
145
99
172
122
88
75
63
40
110
92
51
22
23
45
19
281
43
51
258
37
19
121
144
160
12
12
17
39
61
26
92
90
30
67
15
932
263
17
11
135
16
89
11
16
393
265
56
40
114
236
27
541
16
807
110
736
179
56
22
23
28
55
142
12
96
28
322
111
43
68
10
129
196
110
18
36
135
83
81
212
138
12
60
63
39
602
11
81
35
35
11
72
33
46
61
40
50
80
23
82
33
98
114
170
228
66
27
73
302
49
97
38
46
404
32
13
14
39
28
83
40
10
85
12
639
23
41
57
435
220
23
29
217
180
49
346
29
94
292
82
10
146
92
15
91
168
83
22
47
93
11
67
68
18
11
74
507
15
115
36
453
453
92
196
64
64
17
31
58
136
343
33
85
14
67
39
64
35
456
42
302
25
14
545
297
261
329
326
64
24
30
291
38
592
391
16
190
174
16
57
13
165
408
56
672
44
45
40
18
44
21
11
212
53
113
38
87
14
87
136
33
104
61
12
177
62
25
133
126
207
151
140
53
17
28
236
219
93
46
28
31
38
87
107
212
71
30
123
35
89
18
38
27
113
215
50
41
17
16
31
187
34
72
14
139
36
155
142
76
36
28
198
17
85
405
61
38
589
23
31
50
58
31
268
20
698
44
54
31
16
20
78
22
335
51
293
34
48
14
15
12
36
87
29
152
46
234
88
20
186
25
68
408
226
62
13
365
65
122
51
31
12
18
19
361
52
522
14
60
122
269
148
34
24
10
57
213
53
105
678
29
66
53
444
57
459
14
275
56
31
89
10
98
161
56
45
98
44
35
11
76
46
84
32
347
16
20
25
25
358
92
176
15
52
40
264
81
60
109
29
38
40
494
538
128
123
40
88
12
13
110
197
207
44
29
27
74
13
37
17
163
66
18
48
104
12
281
14
41
33
84
66
466
72
34
32
25
106
328
50
74
24
112
93
13
591
20
22
88
184
90
97
53
183
42
47
136
45
102
25
155
62
217
14
14
14
108
47
17
297
103
161
230
34
27
10
156
77
43
92
70
76
740
59
270
35
14
155
21
52
78
11
72
638
93
90
85
107
48
44
250
17
26
258
20
184
21
84
23
170
29
10
154
76
58
100
45
12
74
68
11
67
139
10
613
10
21
135
18
16
50
144
183
12
106
13
133
13
178
69
24
12
54
276
61
121
28
22
199
51
32
23
156
19
15
307
30
28
108
76
481
142
30
189
152
126
115
11
57
72
63
12
58
78
40
19
97
48
180
25
74
95
22
243
576
551
23
37
642
57
306
27
75
67
24
53
153
39
37
22
57
555
191
103
40
22
17
27
70
155
87
14
106
86
98
54
46
32
22
15
41
23
96
50
47
62
45
18
27
45
313
231
95
20
18
20
28
86
107
28
24
136
341
197
25
47
83
59
133
27
257
157
23
71
19
34
25
468
31
17
96
588
52
191
125
216
69
13
20
919
156
12
98
237
19
864
13
22
139
108
419
55
131
121
305
50
42
15
75
36
613
193
18
35
42
51
164
28
35
72
110
186
64
736
52
22
38
33
12
19
29
12
44
15
49
92
346
131
123
125
117
113
78
13
333
40
77
100
84
21
21
10
149
50
148
49
324
97
87
36
398
24
32
139
143
95
10
40
10
50
20
121
37
85
98
122
67
106
17
64
96
18
111
23
157
80
77
95
57
29
314
18
19
11
47
95
67
18
79
37
38
50
20
57
31
198
54
283
22
60
37
82
22
89
59
12
52
120
31
13
22
66
446
73
25
26
955
44
839
22
303
21
23
30
49
56
281
100
71
31
236
23
28
35
474
222
113
30
202
24
81
21
132
47
70
119
15
115
67
26
67
269
82
25
178
984
29
213
819
20
66
88
42
378
40
106
87
160
35
175
34
56
52
42
10
331
19
227
196
77
58
51
19
114
37
15
135
19
16
118
94
53
13
29
180
68
59
138
238
11
155
24
545
46
44
30
87
248
216
182
341
182
45
14
28
21
25
107
61
31
254
25
22
29
51
255
43
17
80
90
47
273
27
11
41
434
40
144
109
37
101
206
104
105
11
65
48
41
77
82
31
30
26
16
304
30
201
21
999
239
18
38
22
78
113
14
78
93
63
127
163
137
289
23
12
34
154
96
64
62
68
137
55
85
81
87
17
139
168
109
306
109
44
57
114
105
197
46
106
107
31
42
106
370
107
53
15
23
31
11
15
52
27
13
105
215
59
292
55
45
61
26
18
70
17
19
207
479
204
26
78
72
40
70
103
20
315
215
219
718
163
79
12
93
41
74
195
77
233
171
411
136
13
546
185
41
110
28
27
397
73
24
213
97
536
15
49
17
65
305
749
88
170
137
182
56
22
39
33
66
115
21
38
59
888
113
37
510
20
41
264
10
54
10
77
30
14
120
289
68
901
91
28
12
93
40
32
10
143
49
21
33
188
55
28
95
287
16
17
25
66
10
65
11
33
65
28
125
14
37
165
29
54
170
15
254
171
44
39
33
71
95
18
35
137
47
451
631
19
20
29
21
23
12
65
62
310
81
135
171
99
412
32
105
52
23
105
66
16
11
39
13
101
56
444
18
211
53
286
333
105
57
116
75
96
83
35
90
454
125
119
27
180
20
145
18
28
159
76
76
50
36
10
139
10
19
74
132
72
78
10
116
103
48
339
98
38
12
138
23
91
42
235
219
24
17
86
18
93
188
14
18
12
61
109
132
78
41
137
28
173
155
32
16
20
98
35
10
243
98
16
33
134
185
122
254
20
79
77
19
74
72
181
120
29
101
889
13
407
99
16
28
96
63
60
12
13
33
70
23
17
249
26
37
112
70
18
29
36
82
16
341
11
45
112
119
34
35
26
581
14
109
24
153
25
34
16
37
274
156
187
150
12
11
19
29
62
474
166
14
58
167
112
21
24
152
68
40
140
128
382
54
42
21
110
76
25
95
57
179
21
14
20
32
299
20
90
429
398
84
80
32
15
13
46
137
24
136
242
17
262
260
15
66
44
15
107
353
25
31
29
98
141
116
34
690
34
117
38
11
798
26
28
37
402
13
68
32
27
191
88
70
15
14
288
183
81
15
275
15
54
17
44
227
80
23
125
40
95
13
24
14
29
248
871
29
20
46
85
10
84
28
164
203
16
12
24
159
12
308
71
229
191
273
24
77
42
353
17
24
254
78
64
259
42
22
86
16
191
58
63
86
140
21
57
358
89
98
95
69
102
73
370
77
397
99
196
37
58
68
383
35
117
187
141
97
35
119
274
19
141
127
25
136
67
21
13
66
35
167
83
37
20
57
10
12
57
16
42
68
29
162
179
54
793
38
253
100
273
227
21
131
221
106
41
131
36
24
16
392
212
12
193
12
24
46
144
25
140
46
14
16
713
19
205
21
17
54
130
75
63
44
230
71
21
10
124
66
115
118
24
201
90
88
38
41
37
43
12
392
10
197
77
21
79
23
11
95
123
104
18
129
24
35
17
19
59
20
36
166
47
21
37
360
43
209
25
318
106
78
58
42
14
21
10
41
87
174
57
82
26
97
780
49
18
124
26
16
301
242
357
41
39
163
268
19
55
36
21
27
183
82
27
159
22
119
23
19
27
19
140
50
264
19
27
166
21
72
12
24
60
10
284
69
31
576
15
182
33
15
38
23
28
42
37
10
938
13
597
16
73
135
13
46
23
13
40
22
28
141
122
30
307
32
41
41
49
33
464
116
261
83
35
43
247
37
33
42
32
42
14
25
17
27
16
20
31
956
60
11
158
32
12
54
34
13
48
15
54
63
312
13
29
36
82
12
142
37
36
200
15
388
20
212
73
12
148
119
63
25
11
15
12
31
75
405
31
173
37
23
69
86
22
38
47
23
21
123
67
665
96
37
14
20
327
194
103
40
27
59
36
16
122
262
13
84
224
110
13
271
38
31
73
112
80
23
149
74
74
268
15
26
114
77
279
10
89
50
14
88
46
55
132
102
45
29
142
243
352
75
32
13
223
152
144
49
970
45
69
150
111
199
297
22
37
407
53
199
49
198
128
19
47
123
39
110
17
20
106
101
21
21
20
108
31
13
85
553
11
18
360
756
32
210
397
19
51
735
59
215
72
23
28
45
13
43
23
276
47
15
26
42
20
259
129
17
38
12
362
282
192
117
35
29
117
99
26
76
276
88
10
41
35
59
11
16
32
889
50
52
17
59
336
70
156
94
20
25
49
48
92
39
54
477
28
17
526
41
45
29
79
549
22
43
103
40
108
22
17
64
940
182
490
706
423
14
540
48
24
29
120
82
18
59
31
25
16
133
47
25
119
39
117
140
113
123
37
273
103
156
102
22
133
12
19
15
30
97
99
233
53
323
40
12
46
10
198
130
13
42
93
24
40
161
16
60
312
181
26
10
83
368
943
331
182
160
118
94
26
11
50
42
144
22
111
33
674
40
104
67
186
11
14
120
42
14
12
158
937
95
11
20
14
29
19
14
231
118
110
60
417
14
74
121
36
22
13
51
40
142
16
229
191
26
41
10
55
154
47
116
120
85
266
98
10
200
12
48
151
186
984
199
108
223
79
153
63
52
54
127
712
33
96
11
23
93
43
89
52
37
115
31
133
12
39
288
94
122
21
15
108
60
65
75
128
35
17
47
181
193
96
956
139
29
32
196
51
64
203
39
60
37
941
64
16
69
51
536
15
41
81
152
15
400
146
215
71
51
73
992
125
13
116
805
19
149
23
18
93
11
408
29
139
15
130
14
379
163
176
102
48
77
70
15
211
76
55
23
143
31
656
135
222
69
112
220
26
74
14
74
97
47
74
292
92
76
502
395
14
125
111
168
62
174
11
137
58
102
53
65
110
46
56
68
67
219
131
135
16
69
37
21
45
153
47
15
109
10
51
10
222
85
74
39
21
18
31
47
187
19
142
141
93
32
11
60
38
22
74
65
59
78
83
173
167
19
23
105
152
14
14
211
10
43
10
13
12
25
21
427
319
84
34
18
52
70
514
25
35
49
43
14
26
55
51
24
22
282
275
42
131
163
76
104
32
43
142
21
539
61
148
22
149
20
14
25
264
114
275
18
18
33
56
71
20
19
78
77
109
20
125
85
52
10
65
320
17
14
72
557
88
254
54
27
408
460
507
15
28
139
12
151
177
141
934
35
233
354
17
139
74
18
26
49
11
35
77
73
13
371
18
63
213
118
966
35
14
12
57
11
110
40
111
541
44
21
70
55
80
224
134
446
844
201
56
270
157
48
128
59
100
505
78
40
85
111
102
12
24
48
25
23
231
112
161
105
129
60
97
164
63
139
76
168
54
42
10
75
87
57
75
315
299
45
30
285
369
179
270
304
360
201
23
117
31
23
13
75
22
57
12
45
49
233
77
43
366
14
242
41
19
106
104
246
42
48
71
51
17
126
95
11
28
12
22
68
20
290
15
13
10
50
94
29
146
13
30
148
13
17
161
335
15
24
190
51
84
140
42
56
40
15
263
56
35
52
17
50
110
53
477
46
119
22
239
46
102
103
485
518
21
45
120
16
32
254
18
29
22
219
10
88
18
12
18
50
75
92
30
82
105
15
42
207
255
38
182
21
24
50
122
75
20
262
10
23
16
135
143
328
15
30
81
26
139
44
365
297
12
185
473
16
212
154
17
38
172
227
18
11
22
200
147
59
67
11
145
54
136
194
412
93
130
38
48
84
86
287
133
547
90
11
113
19
262
463
286
11
35
103
57
31
16
38
153
97
64
44
16
36
35
123
108
136
30
31
24
79
38
54
25
167
24
26
14
158
68
38
61
225
308
82
37
35
11
70
50
28
293
613
77
18
57
35
23
332
152
65
160
24
13
279
289
37
158
112
202
153
28
15
12
255
149
79
989
19
82
61
434
32
274
13
41
196
12
586
21
61
12
100
183
76
196
468
52
14
29
615
26
255
39
10
47
27
33
58
128
33
28
978
124
16
215
24
184
42
77
66
35
14
81
120
34
15
220
39
102
98
40
63
21
70
157
145
10
138
41
857
75
68
43
65
56
416
20
17
16
130
376
133
28
77
18
12
74
48
39
37
46
108
34
26
110
17
91
16
409
31
116
83
69
43
84
53
37
29
29
10
38
76
164
33
202
21
15
70
25
283
348
166
23
27
17
54
46
27
388
18
151
139
169
41
13
14
39
200
50
21
33
15
697
57
46
18
26
208
81
11
136
86
78
33
21
88
280
697
249
41
206
30
11
119
41
29
79
37
220
415
60
60
24
29
42
134
424
144
31
17
13
23
68
59
143
160
216
328
24
54
15
63
17
19
66
89
304
49
25
495
85
135
27
176
87
12
151
30
30
13
169
131
15
121
73
114
107
32
74
102
103
47
130
64
31
79
41
35
450
474
61
332
45
26
22
100
109
39
32
354
58
268
341
245
180
193
82
256
20
60
18
54
363
70
44
187
11
341
32
453
11
46
20
202
662
88
162
237
55
19
233
39
21
127
57
186
72
13
154
23
14
35
31
16
10
78
20
15
73
172
125
90
69
238
390
351
68
99
17
158
71
12
123
74
19
78
83
75
253
261
89
20
334
63
21
11
28
412
96
11
80
21
109
15
88
170
40
21
39
186
10
11
188
439
27
97
12
273
22
240
25
46
60
68
117
151
131
567
131
128
76
67
33
15
155
89
405
11
33
187
433
183
107
86
29
115
87
49
60
14
65
58
47
48
160
19
40
35
27
193
146
122
72
101
10
91
43
388
15
91
241
41
71
91
81
166
55
64
29
16
99
23
124
433
80
24
21
18
72
81
37
14
27
22
43
13
36
36
34
131
211
111
26
260
35
37
13
123
31
26
232
207
24
46
171
15
13
49
49
539
25
191
14
35
402
27
68
47
137
164
96
68
41
28
129
68
853
50
10
65
55
38
156
55
25
174
219
53
77
10
41
12
202
165
395
92
184
180
72
667
158
131
57
66
56
35
23
184
108
83
85
307
993
10
26
11
69
99
113
84
217
82
46
79
549
211
65
28
12
39
168
19
36
395
11
15
367
730
99
105
59
128
108
65
235
51
93
110
144
62
665
60
235
13
126
31
435
68
225
136
246
52
232
24
128
69
127
23
67
32
20
224
116
165
153
14
48
31
37
43
174
25
88
66
1002
178
60
116
892
27
16
17
60
16
34
23
95
11
24
47
15
87
120
137
254
17
94
34
24
282
533
51
70
44
109
29
220
74
43
39
132
11
65
24
993
54
10
25
29
21
53
45
332
60
269
55
66
40
11
30
15
251
83
120
918
37
56
12
178
11
441
226
59
241
27
13
28
21
65
118
151
10
81
35
107
138
84
16
67
28
13
13
38
10
134
39
21
53
13
58
130
40
17
30
17
78
376
169
158
15
331
57
15
17
635
247
15
18
92
134
221
274
745
564
189
27
39
35
73
316
34
198
23
158
288
34
29
83
12
69
150
20
23
133
48
83
68
21
79
113
127
69
17
148
82
112
50
58
129
476
37
10
131
110
26
100
87
41
95
18
15
14
73
22
106
29
63
12
179
28
13
75
136
152
166
20
106
416
17
15
84
425
166
14
466
94
14
11
16
166
25
36
96
43
692
105
33
20
333
290
135
51
14
12
26
21
230
286
14
25
41
108
21
114
24
294
209
20
57
75
81
12
330
47
111
286
14
46
10
11
62
67
237
24
62
25
226
144
119
27
84
38
243
99
10
35
29
27
89
81
13
287
24
53
188
11
61
127
93
118
154
133
149
25
69
304
262
57
20
47
11
11
21
578
25
34
13
240
37
40
437
95
270
185
306
121
13
27
305
15
14
55
58
13
14
14
84
174
60
13
52
14
125
326
78
151
194
13
22
23
79
38
17
50
104
640
50
10
51
116
22
43
76
22
22
51
46
67
145
625
18
122
28
336
183
69
130
84
160
21
19
12
68
289
142
39
41
53
19
14
158
41
36
466
28
79
92
146
33
73
43
49
796
98
30
130
312
426
376
112
141
13
46
18
10
50
383
44
111
85
85
370
67
29
21
15
66
296
192
159
286
75
29
92
107
211
793
138
69
134
66
182
77
18
153
252
274
931
111
288
15
53
33
192
99
64
45
40
21
36
139
32
37
55
15
22
161
122
362
60
86
54
18
17
898
156
103
35
53
15
51
175
42
49
231
177
104
104
179
44
14
13
19
179
42
24
26
357
40
10
212
85
12
50
220
23
516
37
57
34
60
51
498
79
103
20
19
48
62
12
265
32
27
232
30
16
22
13
31
58
13
124
399
58
224
17
618
73
774
219
103
26
76
136
10
39
108
32
13
68
24
113
15
11
169
117
14
182
11
51
17
38
15
11
25
19
16
24
113
42
10
442
50
101
93
70
64
101
61
94
34
30
304
44
150
28
10
33
13
42
52
50
177
13
19
24
554
48
38
44
166
36
273
215
120
101
276
83
229
207
40
414
98
114
31
19
95
636
50
17
18
10
62
174
35
302
25
218
268
90
58
20
136
40
29
44
174
32
312
28
41
22
181
53
28
114
20
63
19
151
63
13
31
285
35
131
135
446
27
20
23
130
34
18
17
17
13
516
390
44
122
43
83
210
18
19
27
37
88
29
14
59
121
102
51
102
114
12
93
16
131
34
44
82
80
88
22
54
26
38
19
174
668
455
25
23
73
42
272
31
96
86
78
248
14
72
10
79
132
249
52
20
280
24
26
71
59
175
18
160
49
167
22
82
86
263
153
93
58
14
29
371
102
12
60
79
858
188
86
208
95
314
506
13
42
386
49
20
28
53
18
33
66
63
10
15
347
69
92
136
207
16
20
20
267
301
50
17
117
51
18
100
284
25
24
44
20
95
14
201
21
174
292
16
23
93
128
136
51
168
54
48
34
20
15
11
16
52
48
135
18
17
110
18
12
342
48
767
54
15
225
31
101
42
11
20
12
74
256
36
18
219
132
24
68
149
541
13
19
11
16
513
322
31
262
11
67
59
95
231
51
142
79
105
18
28
28
12
16
50
26
161
57
337
258
17
10
936
255
33
16
968
89
55
117
51
42
61
39
13
22
31
17
33
60
12
117
98
90
104
168
126
145
74
171
105
139
111
33
145
34
160
42
17
134
437
18
73
70
119
41
564
24
17
62
70
12
57
112
16
183
14
46
35
19
113
96
54
206
150
536
21
211
334
23
150
45
100
162
288
35
31
18
500
51
45
22
56
179
325
22
18
174
22
21
160
39
34
26
12
592
139
41
10
57
50
31
85
59
176
46
61
96
11
10
13
161
166
56
392
628
23
21
18
110
27
24
169
67
69
472
431
12
13
64
116
28
16
97
909
70
26
21
127
410
26
84
36
339
412
27
42
124
84
41
120
54
89
44
273
96
252
73
12
15
151
143
446
33
29
68
151
227
197
267
56
233
22
144
57
128
404
50
17
11
15
202
16
18
46
32
10
88
57
26
36
21
12
193
10
12
43
63
37
52
36
69
36
26
32
25
68
114
11
27
195
132
15
10
91
33
335
48
21
33
68
36
157
247
190
277
82
17
152
43
80
28
13
33
97
15
15
109
34
12
240
248
28
32
109
97
65
13
106
43
280
147
43
17
60
262
136
82
46
67
11
13
42
34
121
171
62
87
71
260
53
153
21
35
24
187
218
41
19
14
29
122
71
217
150
36
30
23
344
27
136
32
26
135
23
369
20
18
126
19
46
39
85
68
51
77
11
38
177
237
39
46
99
373
206
46
43
64
137
23
308
113
472
83
23
20
107
97
12
75
41
819
17
497
75
16
28
117
24
117
81
436
20
19
854
27
158
32
353
520
84
22
51
92
124
67
172
30
184
53
85
107
29
27
41
34
24
145
83
30
200
160
51
955
26
13
34
126
30
91
13
36
338
31
16
72
369
19
10
19
11
105
102
20
35
40
42
76
216
179
12
383
14
301
13
49
29
321
119
38
193
397
37
119
117
29
12
282
189
177
28
236
34
48
87
21
256
46
173
29
92
20
19
96
125
49
74
165
185
24
22
81
273
436
322
32
60
40
37
112
119
171
61
13
233
80
180
69
18
114
86
49
12
59
377
48
81
306
151
156
103
19
14
54
43
46
15
138
164
77
75
17
19
22
189
17
76
60
131
42
27
36
149
28
539
45
40
12
84
18
28
29
175
93
24
21
38
465
123
52
186
37
150
275
33
73
85
12
87
52
48
33
62
959
25
12
155
27
72
114
38
37
10
30
39
238
142
82
40
117
387
34
11
19
40
449
376
108
33
38
194
16
104
128
79
18
186
84
18
51
530
109
13
51
561
52
166
264
237
18
79
68
24
59
106
241
100
63
20
49
160
53
224
43
21
18
348
15
348
153
339
49
80
38
85
110
101
27
47
24
371
67
22
50
24
44
89
853
13
115
156
14
20
21
16
130
104
329
14
80
14
27
10
14
328
10
268
35
15
541
47
36
502
44
370
158
219
32
18
41
69
146
171
17
95
20
46
337
20
346
46
18
210
118
25
286
83
129
15
165
109
82
22
176
40
95
44
256
129
33
46
81
148
222
397
17
13
70
39
52
15
16
184
14
66
47
114
20
59
199
32
31
199
86
153
14
310
167
519
284
27
44
208
20
157
78
23
42
67
67
38
392
36
256
330
38
119
57
65
31
14
98
226
48
101
23
13
117
20
114
64
107
24
188
179
343
11
10
17
13
48
20
45
286
93
78
105
78
201
74
14
41
31
11
166
52
185
189
34
15
247
20
404
95
77
281
64
131
26
109
77
14
42
83
38
38
24
141
23
28
91
256
34
198
59
23
43
108
24
15
63
131
87
72
114
16
19
71
258
73
93
23
82
104
226
42
100
114
20
369
13
77
178
228
98
144
11
37
21
27
239
209
73
11
172
181
296
207
163
47
82
37
48
95
125
83
119
30
486
18
12
205
466
185
12
25
43
75
47
10
10
18
16
56
233
15
23
45
61
64
14
356
96
10
18
89
24
10
46
205
10
76
483
43
17
245
144
19
168
35
73
251
59
444
365
12
141
116
488
55
37
30
30
151
259
116
15
105
14
45
53
48
640
104
56
37
56
242
61
13
131
32
154
12
97
123
37
45
15
91
17
131
103
10
84
95
319
15
173
205
102
11
40
88
71
66
60
101
118
33
77
86
10
155
346
127
51
42
407
14
965
118
18
634
49
16
179
46
78
205
131
209
143
63
32
255
61
167
50
17
208
410
74
62
12
44
482
121
10
76
11
98
94
19
169
70
122
280
20
117
29
45
248
681
86
44
62
495
241
64
14
640
421
178
246
274
264
746
11
97
33
172
56
69
202
158
43
69
80
113
22
238
96
14
79
184
160
28
165
83
36
115
221
127
167
12
149
23
105
31
84
13
199
53
55
67
53
17
57
161
49
14
14
62
367
18
24
208
98
134
51
52
112
66
36
130
10
13
24
11
123
10
31
410
24
276
173
289
33
297
77
14
229
19
89
243
88
475
52
115
42
112
298
30
410
107
20
20
114
69
19
17
29
37
214
99
59
153
63
148
53
104
17
13
73
30
216
16
142
66
114
90
23
58
40
244
61
25
62
1004
110
120
21
16
47
83
28
50
59
67
710
27
44
680
62
101
21
328
81
111
146
285
36
85
27
461
64
125
13
14
30
76
21
68
131
135
94
29
60
100
516
12
64
44
81
124
13
18
14
487
16
52
240
106
16
86
36
17
10
34
43
234
15
353
141
30
48
13
14
22
123
123
57
145
42
36
86
21
17
82
84
55
87
78
34
12
667
18
16
17
67
33
68
436
25
60
130
91
93
25
205
12
24
32
62
148
148
15
93
84
10
36
16
21
147
131
256
117
36
269
24
11
17
369
80
290
55
148
25
398
26
34
58
36
234
144
82
22
40
79
41
16
364
168
473
11
128
216
159
87
34
12
10
34
331
60
56
102
11
188
81
30
64
42
122
61
23
52
193
12
38
106
10
202
198
168
406
59
13
132
212
127
21
18
50
566
11
325
12
42
105
172
31
17
42
202
232
118
124
13
19
23
34
29
180
24
115
36
108
95
99
224
17
117
37
80
48
57
551
113
68
43
33
351
17
13
28
47
120
19
147
56
83
10
19
21
150
151
13
158
19
734
24
30
121
33
14
242
50
69
141
54
87
109
75
11
25
13
397
33
63
69
83
19
83
13
166
14
28
47
179
138
155
76
13
308
27
214
213
34
19
19
19
558
30
63
33
89
94
66
451
112
46
365
31
307
68
92
75
13
31
63
64
106
97
350
50
26
25
10
203
20
344
15
19
68
123
86
225
19
88
10
33
12
21
21
31
20
16
59
18
71
56
36
65
897
72
845
164
18
152
53
42
23
64
95
31
99
324
35
18
19
16
115
20
136
68
15
97
33
23
86
30
10
55
57
27
16
156
33
212
309
14
10
676
17
19
13
295
12
68
42
311
33
195
82
246
65
80
93
23
47
231
190
96
360
64
107
16
123
40
19
291
77
155
72
77
38
146
36
34
59
12
28
26
24
61
66
69
251
182
34
477
125
42
208
13
129
35
73
250
251
12
63
30
33
141
19
87
13
199
266
18
34
310
19
65
67
20
105
27
16
19
19
28
553
26
26
28
18
263
408
46
22
91
933
49
146
21
191
274
34
26
220
76
25
24
280
23
26
86
38
178
10
14
101
147
74
26
22
78
13
74
65
199
462
38
35
194
31
60
915
127
423
231
54
30
80
53
124
34
238
48
48
110
41
125
126
11
398
43
75
143
40
24
107
18
119
31
180
28
33
111
24
24
64
48
32
181
34
11
24
28
25
113
48
372
37
88
44
31
56
41
107
192
43
31
38
52
15
108
23
249
38
94
13
82
29
37
20
21
20
49
19
102
101
141
56
19
19
14
21
131
187
108
26
144
42
13
31
12
14
10
21
14
45
97
46
16
32
53
42
39
24
24
31
73
44
70
91
93
22
11
88
11
86
50
22
62
140
55
680
232
22
105
61
101
18
201
180
15
35
506
14
106
223
39
89
138
28
13
18
816
45
11
29
280
80
13
11
13
76
11
58
142
67
28
34
222
159
97
89
58
105
12
38
159
23
37
11
119
40
11
45
32
30
11
410
491
120
15
50
64
19
14
121
25
36
42
264
55
77
63
26
14
20
34
85
91
139
707
10
172
96
18
19
487
25
49
863
336
200
84
28
61
1001
86
977
321
171
35
33
43
10
393
202
51
22
21
67
15
333
10
67
51
86
366
79
34
172
82
34
174
26
55
90
120
18
93
19
586
27
103
45
278
212
66
62
46
44
16
75
81
154
196
78
42
18
68
389
25
11
16
43
33
62
318
149
436
70
20
25
60
26
33
646
60
229
52
44
20
468
248
22
153
68
54
270
263
23
27
26
31
50
76
168
125
40
150
52
240
126
26
11
262
51
156
42
43
10
171
20
35
922
967
69
32
20
20
30
18
12
631
137
251
254
764
90
32
281
35
203
57
63
24
70
20
606
85
146
77
16
251
24
951
193
351
43
23
11
109
190
147
14
42
11
14
121
626
10
54
13
92
76
19
31
24
33
148
540
18
17
45
54
36
19
126
33
365
157
235
47
52
233
40
30
274
63
32
93
30
29
599
51
600
110
127
11
70
160
225
838
63
114
74
34
29
15
43
18
413
46
160
18
122
16
244
578
102
82
14
16
24
723
249
91
172
82
184
18
105
313
11
30
285
135
50
15
454
23
25
44
201
24
404
57
594
18
77
31
15
220
19
13
142
13
115
855
158
114
101
39
80
89
100
36
45
131
43
20
18
11
146
183
11
12
53
67
278
12
142
68
36
236
361
74
96
37
34
222
124
186
20
27
30
33
23
40
31
508
46
22
72
56
376
355
394
36
271
10
72
226
85
35
64
40
25
43
66
165
196
157
58
43
49
106
65
500
68
13
18
59
28
137
223
595
38
127
23
48
15
61
10
132
18
58
70
141
21
37
74
25
87
38
262
43
36
279
73
14
25
122
11
16
88
41
113
312
30
95
335
181
457
557
36
85
47
257
23
581
212
14
195
34
56
111
116
26
102
10
56
78
38
110
760
77
19
34
187
204
418
39
221
678
44
75
100
32
96
37
277
73
30
57
15
194
218
36
285
52
36
33
81
10
201
95
119
15
38
211
44
74
82
138
190
124
288
53
11
35
384
54
337
38
25
14
18
33
54
124
261
170
118
79
85
28
41
112
23
153
25
47
218
15
19
10
31
31
57
254
145
18
404
815
37
82
38
52
22
165
110
33
38
31
217
18
81
66
37
100
143
79
27
16
12
29
57
30
14
204
21
34
26
29
30
194
79
37
26
27
440
28
902
321
65
36
251
14
217
77
12
23
126
115
142
115
53
49
29
21
81
82
56
186
93
45
47
10
22
37
851
202
28
25
26
28
761
51
32
148
363
49
81
16
936
14
158
31
150
122
64
132
319
70
95
27
159
110
176
55
56
25
307
143
205
10
61
14
37
10
16
169
107
29
22
13
174
44
47
25
26
21
14
88
100
12
74
54
146
346
150
17
66
118
43
90
71
86
97
138
17
26
11
11
61
102
82
40
31
26
45
48
19
150
19
46
19
796
10
313
105
92
10
111
24
46
359
87
27
16
159
25
220
13
64
299
91
296
52
85
101
40
26
129
308
540
73
30
121
30
611
84
145
117
61
210
108
149
55
57
86
160
15
187
144
35
86
186
54
52
71
11
13
80
257
13
110
18
59
26
44
20
99
12
12
270
17
66
20
494
388
76
27
287
146
147
31
27
16
606
34
47
229
54
63
11
171
209
51
17
179
184
72
23
170
61
35
105
14
30
10
97
33
53
223
24
11
102
14
99
33
62
78
184
49
40
82
19
22
71
160
28
14
143
42
83
21
65
64
57
43
35
187
53
25
126
325
109
10
18
130
35
36
163
73
14
58
36
81
27
67
288
263
139
13
25
44
62
18
655
52
196
48
74
35
53
50
240
30
354
28
27
427
95
247
140
20
18
73
66
26
23
206
33
28
18
34
42
951
106
195
666
22
28
15
213
544
25
51
40
45
128
871
19
12
57
32
16
182
351
118
85
30
34
177
253
573
13
46
23
41
646
510
36
51
20
17
22
28
38
15
146
38
73
22
26
58
18
274
175
18
274
71
10
94
36
27
36
168
272
13
54
85
57
356
32
156
162
13
187
36
75
29
233
189
71
576
36
53
20
16
520
128
76
111
39
21
259
62
18
177
142
89
55
198
125
734
11
39
99
75
103
217
96
65
31
190
23
71
87
224
57
11
32
21
44
197
12
52
39
300
10
38
119
106
39
21
766
174
17
102
93
20
271
43
111
302
54
30
905
34
136
53
22
64
25
25
29
11
34
11
138
83
26
56
117
79
26
34
15
127
43
93
292
82
119
31
87
70
24
137
59
91
67
23
162
178
19
51
14
21
55
53
20
27
56
34
57
467
35
166
10
82
71
108
15
25
101
38
17
35
28
424
871
14
109
342
46
20
411
35
13
25
12
27
58
107
19
85
80
57
38
12
26
53
19
18
86
10
11
169
140
99
30
66
105
134
303
100
72
37
37
11
41
26
113
51
122
43
136
108
625
30
132
255
69
44
23
140
20
57
15
13
18
730
23
93
29
17
83
66
17
44
19
269
175
10
197
48
246
133
728
18
49
38
60
28
63
128
533
37
152
125
19
339
23
26
14
24
90
36
294
194
20
65
89
35
16
73
137
102
19
182
961
74
28
182
14
53
25
486
11
12
23
114
12
40
68
55
46
31
58
143
109
78
17
31
90
70
144
32
324
681
58
134
10
18
149
18
15
104
12
388
70
666
28
322
197
61
216
34
515
71
29
169
46
49
19
17
311
182
40
24
12
27
38
146
11
34
27
21
49
261
24
65
30
16
99
144
33
378
168
78
10
50
52
47
96
123
112
136
64
32
57
39
949
51
25
10
223
10
11
41
34
136
119
15
194
10
15
78
70
48
73
74
60
151
11
333
44
10
22
20
71
96
20
44
228
90
120
337
29
29
121
52
410
18
50
49
449
120
11
13
61
61
943
748
42
18
39
24
60
110
85
10
13
66
270
207
17
11
45
484
78
41
82
29
10
30
21
74
41
13
125
19
11
28
159
65
54
68
28
95
33
19
18
278
22
26
18
18
94
17
95
112
13
51
69
24
13
21
458
526
311
38
12
30
47
15
52
36
34
65
51
262
44
183
193
42
374
126
89
90
15
38
198
10
172
749
19
144
14
22
523
44
34
61
15
66
24
50
109
426
17
39
50
163
44
13
21
13
13
17
15
252
47
64
161
456
38
212
42
326
293
111
21
36
78
96
530
105
254
98
12
163
35
44
19
677
68
298
163
464
52
119
113
27
490
114
122
14
11
31
130
337
13
192
82
13
105
85
78
92
23
35
268
66
26
64
24
19
48
51
26
53
22
156
173
308
66
29
72
18
10
69
33
45
74
30
390
74
19
111
18
43
59
34
100
27
32
99
17
183
137
246
982
147
14
124
97
38
107
48
13
62
72
54
31
375
57
53
131
23
38
23
14
83
250
150
35
229
17
190
157
77
56
50
105
26
80
30
536
41
36
69
58
35
30
32
49
40
146
22
141
38
33
83
19
51
46
83
68
235
19
164
38
231
77
33
43
13
285
40
95
19
19
192
748
29
182
55
25
20
18
30
10
51
127
186
271
14
271
100
43
13
22
110
191
98
11
35
54
67
116
14
27
11
57
96
42
64
27
46
27
214
48
36
325
34
196
32
12
105
48
53
17
133
55
48
25
54
58
12
139
56
113
39
41
78
17
112
13
62
18
26
213
16
302
76
40
76
37
96
21
18
243
53
231
31
81
25
52
62
29
14
72
172
16
34
35
10
28
111
304
117
206
46
67
980
20
21
30
55
84
84
26
36
36
32
75
112
163
39
49
10
43
15
28
12
77
53
365
45
20
14
52
919
156
13
58
22
98
189
11
22
27
133
207
36
19
12
84
177
12
10
20
137
18
157
79
14
38
108
39
56
12
188
48
17
21
36
70
58
84
58
175
28
32
885
91
109
53
23
49
46
230
267
80
16
55
139
81
108
13
177
56
388
14
157
96
58
42
19
69
50
288
387
181
14
241
60
474
19
126
32
27
12
21
19
64
140
81
52
44
61
64
11
38
17
10
15
25
52
43
10
87
15
117
314
51
29
17
608
32
54
36
67
13
101
66
12
15
126
48
279
11
143
69
25
50
27
136
341
42
42
102
44
23
55
96
24
40
12
82
44
109
55
50
89
33
83
290
28
58
78
29
32
46
103
94
88
93
106
21
47
92
421
920
800
116
45
20
113
73
43
86
55
92
15
35
119
30
15
303
248
113
128
193
121
175
91
247
161
18
39
160
39
165
40
82
118
81
255
185
280
61
210
10
14
551
45
13
16
33
515
12
15
13
194
60
178
26
35
115
18
10
42
153
116
25
66
13
761
57
84
10
278
210
167
47
61
194
19
36
74
73
385
73
60
29
37
10
121
19
12
10
75
55
194
32
87
46
44
32
99
22
33
123
13
15
459
25
11
11
46
546
338
86
125
172
154
63
145
65
96
242
131
11
866
36
17
11
127
56
16
57
25
139
774
237
14
14
65
97
961
129
50
36
137
10
38
192
415
40
718
40
38
969
26
106
442
33
16
24
23
48
103
172
16
19
63
42
70
115
13
15
36
29
25
40
195
20
16
38
62
54
421
79
45
49
31
169
107
16
97
47
13
17
11
82
991
85
36
11
91
290
19
79
35
40
215
10
91
21
46
17
167
179
49
297
376
227
28
262
61
98
83
18
83
80
92
244
50
100
24
149
45
67
45
28
24
66
23
40
80
219
103
15
172
44
122
26
52
67
18
56
110
134
40
39
49
217
56
88
323
94
134
24
178
458
37
364
75
255
10
271
24
72
42
67
309
49
27
131
117
60
28
215
86
16
211
39
28
24
358
322
33
47
84
51
70
23
509
58
84
14
21
30
284
23
20
412
220
64
83
137
68
260
14
268
28
52
19
53
100
119
68
61
154
39
40
12
266
38
103
36
80
67
152
72
15
211
572
100
51
54
371
91
61
38
532
11
619
154
327
21
44
19
16
17
47
74
43
17
110
59
14
56
156
175
104
118
19
15
15
146
13
44
17
40
11
114
340
18
902
76
23
129
40
28
289
12
87
21
72
35
154
16
11
471
169
337
14
122
14
470
105
37
33
176
21
43
58
16
77
18
108
33
173
98
72
210
22
20
68
161
34
77
76
16
21
25
204
80
64
256
118
224
385
69
167
27
111
161
24
55
55
176
91
103
145
145
104
34
72
203
21
145
55
84
488
784
34
11
18
101
14
52
24
23
17
46
28
11
141
134
179
93
91
172
40
83
256
78
84
353
53
437
458
78
12
12
21
20
62
438
16
17
32
24
32
153
231
38
183
11
256
22
63
30
19
29
25
72
27
10
16
225
93
34
21
89
67
273
113
36
93
287
26
44
115
55
31
253
152
320
965
60
40
37
120
81
378
33
885
112
43
40
33
561
131
16
128
12
39
13
134
14
51
28
18
11
36
117
46
96
82
80
82
40
63
57
93
11
31
56
140
139
18
38
71
159
10
50
51
12
60
299
13
98
22
10
31
101
88
102
11
14
297
48
202
172
21
12
430
58
59
105
27
449
50
12
13
52
168
22
58
312
59
11
76
16
82
13
61
139
79
84
69
41
76
22
53
169
12
11
87
15
67
192
98
303
198
104
186
11
127
474
136
361
64
53
24
215
10
44
643
26
112
58
35
34
74
85
98
22
416
195
86
402
47
24
20
62
53
10
59
24
245
43
546
35
138
63
29
11
106
62
48
14
26
355
101
413
120
347
49
75
100
88
410
16
131
20
171
128
11
199
19
179
17
14
83
128
14
144
93
79
53
121
303
272
514
39
35
22
81
15
30
15
35
255
16
11
52
11
18
59
23
122
27
20
12
403
26
215
32
357
15
14
58
340
26
73
114
129
42
97
13
11
16
29
56
24
93
396
259
92
61
331
57
31
214
85
36
153
410
110
265
26
127
15
36
43
12
43
18
120
22
14
125
12
15
44
42
20
95
78
20
27
54
38
20
158
603
61
53
35
81
54
31
98
174
22
70
70
14
208
52
156
14
57
18
221
45
155
177
59
308
17
125
98
31
20
492
51
27
309
126
31
133
56
219
24
83
86
29
172
83
18
54
135
37
19
15
65
138
28
75
38
37
19
36
18
44
170
34
28
11
12
28
70
22
67
42
71
38
43
36
191
95
18
77
32
271
25
13
29
83
138
60
107
78
199
188
637
279
11
275
65
161
280
32
10
489
115
17
80
64
19
27
30
69
21
39
23
17
28
620
72
54
26
29
18
235
85
146
81
276
12
10
57
76
17
17
102
43
120
14
30
329
25
44
118
48
10
25
27
42
191
162
61
59
240
25
17
11
124
26
59
33
33
151
156
47
71
286
40
53
33
114
12
95
74
80
128
89
86
309
223
15
38
594
15
124
32
182
42
19
56
939
20
10
105
117
82
128
228
22
14
26
12
177
46
142
30
123
73
18
63
134
29
62
945
22
146
505
25
106
29
104
317
332
23
109
37
129
10
54
34
33
163
349
56
24
19
44
28
85
16
233
27
19
108
65
31
35
33
200
166
24
84
16
210
11
199
10
120
19
18
364
18
96
106
72
67
15
102
42
64
26
17
108
21
51
23
399
526
164
343
22
69
195
27
99
51
49
32
58
65
141
44
178
104
50
45
154
151
258
44
67
76
74
74
113
120
52
128
69
559
39
40
13
242
538
144
27
23
417
48
51
426
19
28
24
60
51
657
515
71
50
17
310
26
104
781
105
87
98
177
819
30
89
71
217
23
16
11
47
13
383
19
18
109
90
38
405
11
144
229
91
240
94
18
152
46
59
25
873
26
91
83
82
81
59
47
29
44
75
163
78
55
50
60
73
18
107
104
10
18
185
150
46
478
117
272
662
138
17
103
32
156
20
20
19
94
15
74
82
186
14
49
167
20
17
156
14
11
64
52
10
20
77
14
15
10
33
254
150
149
106
75
76
244
21
11
130
195
23
14
16
87
32
18
35
393
37
40
39
19
77
163
27
35
132
75
67
129
130
61
242
59
41
415
27
20
92
14
159
209
10
18
19
23
471
157
60
20
21
36
84
24
20
13
45
53
177
213
386
33
296
121
46
116
175
45
17
35
37
196
51
563
380
43
128
77
14
45
178
16
11
64
187
13
75
108
361
18
194
200
67
81
216
241
156
127
29
136
552
89
19
189
111
175
261
29
49
48
26
84
64
33
34
43
25
44
11
641
14
90
29
38
34
134
350
328
103
56
485
24
369
208
86
24
96
12
20
29
11
171
40
192
12
243
64
12
58
27
10
622
33
11
51
43
66
33
18
187
107
21
71
51
97
151
31
72
156
95
100
36
64
261
72
272
163
99
75
102
659
380
82
17
94
34
203
69
271
70
91
159
10
667
101
85
57
98
228
132
88
13
194
199
131
458
18
27
43
44
153
64
17
35
16
121
53
46
81
38
155
64
64
26
74
17
15
43
11
13
19
36
75
857
25
13
135
205
406
241
81
185
22
73
206
22
68
15
25
50
120
95
138
145
216
188
57
32
114
14
10
140
11
187
86
18
458
76
21
68
69
74
134
180
10
24
22
63
20
209
73
45
82
124
56
46
13
152
153
121
94
645
42
15
105
63
36
49
27
75
376
25
23
33
36
64
19
17
230
31
43
14
58
104
23
23
105
43
58
37
124
24
112
19
34
13
148
218
26
46
50
70
102
19
23
244
62
130
561
520
185
31
11
35
270
101
30
14
230
215
22
22
37
11
192
66
97
101
195
15
14
11
38
545
36
494
429
21
34
30
242
49
93
20
132
59
27
17
50
28
12
44
55
159
41
10
85
110
176
196
101
116
10
40
189
504
542
55
320
34
15
113
82
90
89
230
102
29
29
77
16
370
138
30
62
45
50
51
34
270
131
396
236
21
16
52
23
47
104
23
134
56
54
15
112
46
27
47
46
22
51
54
91
46
42
12
63
32
40
155
225
109
67
28
25
11
18
54
42
18
368
11
66
117
10
28
44
56
46
26
135
17
44
303
761
35
390
20
18
202
12
41
338
60
422
19
13
23
42
72
67
97
31
54
632
12
24
33
33
214
104
39
38
529
10
21
83
411
67
141
158
66
390
87
964
12
194
46
14
95
114
40
55
62
30
31
106
17
239
64
179
18
11
353
21
253
378
119
20
10
286
44
25
41
13
179
309
75
72
64
20
76
178
61
132
38
144
276
67
75
30
172
219
53
140
212
38
69
36
224
34
17
12
53
79
19
29
23
100
308
348
52
34
12
11
69
37
34
57
90
29
143
196
13
33
52
43
152
28
47
64
86
514
131
24
12
120
89
148
439
35
16
73
11
148
68
58
21
22
90
37
27
56
10
59
61
275
57
41
16
10
35
234
152
151
333
11
183
240
49
27
40
202
191
60
158
186
12
22
212
59
19
90
25
42
20
49
25
47
60
26
48
163
106
123
48
18
36
125
23
18
33
162
11
12
262
104
26
138
183
34
24
154
12
255
20
20
141
84
96
187
606
24
311
62
52
15
173
237
33
58
11
292
39
48
30
23
41
134
19
203
24
400
71
48
45
52
73
58
43
115
42
17
36
65
46
364
11
23
124
114
261
472
780
158
105
399
15
518
18
82
100
117
68
67
606
63
125
15
94
10
69
83
137
15
136
23
155
77
35
60
72
104
80
12
44
121
202
17
174
63
261
157
25
44
21
23
17
516
175
111
871
166
467
34
33
75
13
41
68
17
319
26
224
67
292
16
41
812
169
165
925
15
18
10
16
149
220
168
45
12
76
12
104
116
32
15
103
40
15
10
236
54
15
361
256
15
12
224
37
90
47
31
34
26
71
201
62
750
17
272
16
42
25
237
101
34
15
131
55
86
40
55
25
17
13
174
499
23
39
42
126
220
16
13
72
247
44
18
71
82
40
11
34
130
39
35
59
271
39
167
269
76
68
87
38
15
61
31
11
589
58
51
48
58
33
23
78
87
83
730
327
40
62
30
11
108
87
36
137
12
45
80
187
16
154
14
39
51
97
22
128
268
280
348
49
37
77
14
138
26
29
10
59
27
177
782
23
150
87
314
125
29
21
24
224
67
42
228
516
176
174
275
25
16
32
102
15
77
16
60
249
178
37
11
29
81
84
106
81
140
52
166
182
15
24
156
88
67
143
36
25
95
135
27
101
38
16
89
108
21
15
128
32
14
54
15
85
52
65
254
32
86
167
14
32
39
135
23
33
368
20
39
77
29
287
55
114
12
11
22
855
132
410
31
13
23
165
118
308
57
32
423
298
131
25
18
16
16
50
102
45
231
109
12
40
10
47
54
121
244
26
814
29
111
258
43
54
54
27
111
110
185
213
214
563
100
104
46
219
11
89
29
19
112
60
29
283
13
227
323
28
326
415
50
32
157
23
37
21
140
28
52
41
141
578
123
14
44
60
90
24
433
179
50
49
107
36
43
14
25
61
124
11
220
83
33
116
39
67
69
32
21
125
18
36
136
18
78
39
101
29
13
17
44
96
28
85
115
23
16
62
45
10
30
32
76
34
46
476
18
42
301
14
65
196
425
62
786
74
32
28
37
284
116
137
17
44
13
100
936
15
238
145
27
30
51
22
481
16
10
53
179
28
63
27
24
34
21
85
561
70
179
166
156
96
139
15
160
14
34
21
31
87
10
134
503
70
306
16
60
55
861
27
145
56
175
22
27
122
73
73
82
10
162
28
241
148
88
48
34
145
247
92
36
86
121
92
17
23
126
30
263
38
508
110
30
155
10
595
184
337
12
47
19
10
112
78
74
26
111
44
180
72
60
66
87
10
43
18
82
25
60
172
409
139
36
17
22
145
104
15
14
13
44
88
20
19
55
14
517
21
52
310
28
81
265
110
206
82
41
205
716
90
281
97
105
104
20
117
114
113
37
67
55
683
105
573
556
70
95
25
197
448
253
122
30
164
21
96
23
218
45
34
267
300
11
87
15
196
62
87
977
79
29
185
99
47
51
61
88
219
22
84
35
90
10
120
21
36
20
306
92
18
624
33
77
163
39
23
64
48
53
221
43
11
42
50
179
32
39
103
42
21
32
68
22
157
60
103
225
104
112
99
18
109
30
182
15
298
20
12
14
135
19
163
24
96
114
12
43
944
113
19
221
146
21
112
189
188
50
49
32
74
60
120
72
938
31
220
399
90
134
21
502
201
28
86
41
134
23
177
10
40
50
124
25
12
360
678
18
16
25
937
110
154
47
86
135
184
296
63
20
84
82
68
12
54
497
33
297
151
32
445
28
35
78
10
15
210
20
122
74
14
12
46
11
59
10
20
108
16
601
308
38
33
35
11
364
36
154
94
126
94
53
59
20
93
186
27
179
25
145
15
66
181
265
81
12
120
138
468
70
83
14
106
163
155
22
12
49
152
107
24
48
71
71
40
91
15
23
162
149
116
16
94
132
180
75
231
14
22
945
14
22
14
23
734
49
41
14
72
61
23
156
45
433
16
24
202
59
34
11
56
33
744
80
308
168
135
220
69
173
57
65
50
35
43
70
16
447
21
39
51
76
87
620
350
22
94
442
147
227
24
30
372
132
68
152
104
37
100
14
60
15
165
52
22
136
29
11
55
21
54
23
197
112
16
77
29
48
62
110
350
107
130
46
165
24
38
75
54
197
140
22
180
52
97
25
23
24
80
71
13
22
229
28
102
33
10
101
31
26
180
13
31
74
34
182
18
41
146
10
354
10
47
28
56
16
208
157
15
14
44
27
53
47
262
58
14
48
17
17
51
10
391
40
130
25
25
160
64
45
15
12
10
73
80
122
237
20
195
105
342
158
375
112
294
97
178
44
714
105
53
15
13
163
321
29
375
135
236
46
60
110
142
121
15
685
45
28
59
32
67
138
33
623
63
25
506
74
13
80
27
85
79
19
89
189
20
264
34
161
15
307
84
45
617
73
81
20
23
66
88
75
42
19
124
41
310
83
51
618
741
12
74
527
83
70
103
29
76
35
90
41
20
134
14
185
33
28
113
36
17
49
40
53
162
30
210
17
19
172
97
18
10
53
27
35
61
52
473
299
15
66
12
257
317
42
109
34
11
58
183
36
235
59
309
16
32
10
64
83
28
173
68
34
23
165
10
195
122
465
250
24
225
42
38
105
24
95
28
62
47
39
12
96
92
15
70
91
112
42
31
236
371
23
38
21
40
42
59
64
21
32
97
123
82
32
934
37
375
32
33
115
120
100
12
64
14
33
28
569
34
10
17
15
156
70
233
38
22
117
27
104
85
11
50
75
40
76
200
176
50
168
10
162
149
13
62
89
104
32
19
107
12
140
257
78
10
33
200
31
173
34
19
92
53
250
379
164
26
34
15
24
85
28
25
103
132
55
13
346
17
20
135
161
78
61
21
144
341
98
301
41
164
200
317
46
72
27
22
196
20
148
54
100
47
532
181
56
36
65
38
20
52
15
68
69
44
189
16
272
39
10
380
230
35
190
77
181
187
32
634
334
11
85
57
41
371
38
36
26
277
341
44
23
75
306
104
121
19
91
16
11
52
134
12
55
171
121
43
11
19
26
289
10
474
35
122
10
37
790
888
29
113
27
36
14
33
25
47
79
92
43
49
145
163
13
20
410
229
70
258
30
65
43
284
20
39
69
55
79
45
243
268
200
172
267
95
94
96
10
11
92
118
29
158
11
32
128
406
141
146
431
30
31
60
28
27
98
114
23
18
118
32
196
65
15
165
62
32
60
34
266
37
34
18
213
13
48
10
124
93
56
74
114
23
226
239
203
82
415
154
382
19
53
715
15
66
12
189
284
19
14
31
307
67
60
35
61
119
77
71
86
43
35
11
11
15
48
192
40
70
41
21
103
238
180
161
50
43
55
16
15
52
44
222
319
424
145
65
88
281
272
96
128
23
266
88
611
73
100
132
147
20
84
15
55
91
102
258
10
35
12
197
99
19
52
156
13
34
54
16
99
230
56
39
115
21
11
18
74
29
316
98
159
542
14
124
52
42
55
30
53
284
154
61
378
192
27
25
136
54
27
213
687
142
47
313
25
159
37
14
65
207
13
10
108
43
79
50
15
344
964
422
29
114
626
15
11
178
97
158
91
46
295
80
76
46
196
21
589
24
206
37
13
242
248
48
108
50
191
212
29
59
174
87
207
123
15
46
71
114
315
107
20
785
169
252
62
24
42
63
32
201
32
72
11
90
20
18
381
26
26
22
40
280
90
188
49
265
28
17
16
77
807
47
53
98
90
28
16
18
86
378
41
23
27
103
72
103
98
37
23
14
81
18
26
90
62
15
106
102
11
13
185
102
252
247
40
368
107
37
14
36
26
82
705
135
11
13
115
11
31
28
530
34
13
15
87
280
186
53
364
52
133
15
25
18
475
466
27
178
95
105
19
50
177
53
285
51
47
38
374
75
20
107
41
121
84
12
174
170
155
199
51
45
215
20
453
22
20
36
159
40
125
16
378
32
85
34
132
190
18
44
134
56
174
54
101
41
19
39
683
15
203
59
32
45
87
18
106
428
715
17
80
294
83
43
140
58
28
434
58
45
81
119
897
22
48
14
247
34
59
101
11
168
25
92
17
33
68
89
14
33
91
56
25
79
205
133
15
12
124
894
69
861
221
504
100
772
10
19
29
35
106
48
203
40
18
49
417
61
20
68
24
125
129
12
62
11
41
11
68
33
87
423
29
109
168
12
25
70
48
73
10
133
18
104
291
91
90
16
56
86
165
16
228
59
41
144
144
86
120
28
46
93
42
55
14
23
28
134
115
40
14
13
27
18
391
107
20
119
11
192
33
15
34
114
80
137
410
85
61
97
15
117
140
20
235
21
33
108
46
16
220
171
210
22
269
27
46
336
435
177
62
54
213
214
70
271
26
362
386
14
86
23
140
153
122
125
32
27
116
53
141
78
12
25
63
363
800
116
118
86
12
61
19
26
21
16
15
75
150
368
21
16
14
243
91
21
57
26
167
58
75
70
22
161
40
34
121
73
924
672
470
137
127
50
191
86
38
381
204
10
89
47
11
20
44
166
135
25
29
156
30
83
39
90
40
78
318
113
968
43
415
344
20
34
14
22
19
144
100
951
139
42
66
86
96
222
13
25
58
25
468
15
39
24
54
440
130
175
116
64
33
169
349
256
123
74
54
15
21
19
185
54
52
105
50
13
45
167
157
164
58
184
33
153
368
106
16
38
90
41
274
987
158
114
238
10
16
105
32
32
46
169
150
24
88
44
44
32
47
153
123
12
12
214
33
15
126
58
17
12
140
232
19
160
27
153
58
21
50
323
53
38
131
63
46
23
20
36
15
209
323
128
103
92
632
12
35
21
107
83
66
25
146
21
206
35
71
55
11
92
21
13
215
276
168
52
60
18
234
111
139
243
47
121
42
33
423
24
196
16
235
21
20
63
103
228
249
104
829
71
16
21
187
55
37
222
11
52
125
84
12
16
345
119
98
302
19
15
91
74
120
21
39
106
66
21
43
25
113
10
186
31
418
49
66
28
33
176
72
10
121
216
18
722
25
84
25
26
22
28
17
108
17
181
44
84
254
306
121
44
63
94
111
107
230
86
16
172
62
77
15
37
25
77
42
53
131
82
118
40
20
48
268
51
49
685
173
228
30
361
30
29
17
86
36
605
22
948
51
536
94
390
279
149
35
38
10
102
27
317
13
15
52
61
25
30
13
251
134
93
37
28
409
32
314
47
38
144
31
42
26
64
26
52
583
36
55
592
26
983
192
44
101
14
64
77
61
17
53
891
10
10
22
266
66
34
449
44
65
18
250
17
95
74
70
127
50
116
75
20
42
24
29
26
19
28
175
279
149
150
19
81
35
30
34
105
38
22
40
13
24
41
16
23
39
25
83
18
158
105
15
156
43
25
183
254
75
89
24
24
20
25
405
46
204
368
65
586
53
113
56
190
21
42
315
19
131
15
13
76
28
10
66
39
43
236
13
27
299
499
32
163
93
19
57
27
81
43
145
39
29
220
140
139
32
146
16
34
48
35
40
103
20
91
212
89
41
56
158
307
260
62
82
57
18
144
247
44
75
10
29
12
275
17
16
106
100
79
63
392
35
267
37
159
141
177
211
72
115
223
102
12
952
261
158
230
30
125
60
78
351
19
28
209
79
44
439
48
158
89
54
45
129
69
164
51
16
10
32
114
15
60
17
84
16
50
159
154
107
85
525
50
302
36
338
67
77
77
460
82
209
85
261
14
31
34
133
170
459
22
62
109
28
46
44
17
312
55
90
176
67
43
43
23
25
71
28
137
131
34
27
88
26
46
53
62
90
15
37
132
11
110
106
202
43
176
57
14
16
323
35
23
41
51
149
61
175
61
55
51
276
56
61
239
88
44
104
35
40
149
11
42
117
71
88
24
81
11
75
54
282
19
186
306
376
95
36
394
11
313
121
92
81
165
308
181
45
249
107
25
38
333
152
153
15
204
66
89
225
82
66
40
110
36
207
130
81
27
456
75
86
51
51
25
11
111
56
42
91
93
13
32
16
93
42
13
13
137
480
29
22
113
125
277
103
116
97
102
363
12
174
139
105
97
34
281
74
19
125
17
12
28
45
96
232
20
104
384
19
128
99
55
